1;7;9;3;0;NEUSPJESNA;31.08.2023.;0.0
2;2;4;5;5;OTKAZANA;29.08.2023.;0.0
3;5;4;12;0;NEUSPJESNA;29.08.2023.;0.0
4;4;4;9;5;OTKAZANA;29.08.2023.;0.0
5;5;4;69;1;NEUSPJESNA;29.08.2023.;0.0
6;6;3;3;1;OTKAZANA;31.08.2023.;0.0
7;7;4;15;5;NEUSPJESNA;31.08.2023.;0.0
8;5;4;9;0;NEUSPJESNA;29.08.2023.;0.0
9;6;6;9;0;OTKAZANA;29.08.2023.;0.0
10;6;4;10;3;OTKAZANA;29.08.2023.;0.0
11;6;4;12;3;NEUSPJESNA;29.08.2023.;0.0
12;7;4;15;3;OTKAZANA;31.08.2023.;0.0
13;7;4;5;6;ZAVRSENA;31.08.2023.;0.0
14;6;4;5;7;OTKAZANA;31.08.2023.;0.0
15;6;4;10;7;ZAVRSENA;31.08.2023.;0.0
16;6;4;19;28;KREIRANA;31.08.2023.;0.0
17;6;4;15;1;KREIRANA;01.09.2023.;0.0
18;6;4;12;3;OTKAZANA;31.08.2023.;0.0
19;6;0;90;32;KREIRANA;31.08.2023.;0.0
20;6;0;1;32;KREIRANA;31.08.2023.;0.0
21;6;4;16;3;ZAVRSENA;01.09.2023.;0.0
22;6;0;10;36;KREIRANA;01.09.2023.;0.0
23;6;4;3;31;NEUSPJESNA;01.09.2023.;0.0
